1             1             2013         63.4
1             2             2013         66.1
1             3             2013         67.2
1             4             2013         58.5
1             5             2013         61.9
1             6             2013         68.2
1             7             2013         65.3
1             8             2013         70.0
1             9             2013         72.9
1             10            2013         71.8
1             11            2013         70.1
1             12            2013         70.3
1             13            2013         69.5
1             14            2013         66.1
1             15            2013         70.8
1             16            2013         70.0
1             17            2013         66.8
1             18            2013         53.7
1             19            2013         63.4
1             20            2013         65.3
1             21            2013         65.0
1             22            2013         60.7
1             23            2013         55.5
1             24            2013         57.0
1             25            2013         61.1
1             26            2013         60.1
1             27            2013         63.2
1             28            2013         69.6
1             29            2013         69.6
1             30            2013         72.5
1             31            2013         63.8
2             1             2013         53.8
2             2             2013         56.5
2             3             2013         57.1
2             4             2013         55.0
2             5             2013         58.0
2             6             2013         66.2
2             7             2013         71.7
2             8             2013         71.9
2             9             2013         64.7
2             10            2013         60.4
2             11            2013         68.3
2             12            2013         71.4
2             13            2013         75.1
2             14            2013         64.9
2             15            2013         59.4
2             16            2013         59.9
2             17            2013         47.9
2             18            2013         48.7
2             19            2013         61.2
2             20            2013         65.8
2             21            2013         67.9
2             22            2013         72.3
2             23            2013         76.0
2             24            2013         72.3
2             25            2013         71.3
2             26            2013         72.3
2             27            2013         67.3
2             28            2013         62.1
3             1             2013         54.0
3             2             2013         53.2
3             3             2013         46.6
3             4             2013         47.4
3             5             2013         56.7
3             6             2013         62.6
3             7             2013         53.7
3             8             2013         57.5
3             9             2013         60.7
3             10            2013         65.7
3             11            2013         66.0
3             12            2013         67.8
3             13            2013         62.3
3             14            2013         58.3
3             15            2013         55.6
3             16            2013         60.2
3             17            2013         62.8
3             18            2013         70.5
3             19            2013         72.9
3             20            2013         71.0
3             21            2013         61.8
3             22            2013         61.6
3             23            2013         71.2
3             24            2013         73.0
3             25            2013         68.6
3             26            2013         56.6
3             27            2013         51.2
3             28            2013         56.0
3             29            2013         59.7
3             30            2013         62.1
3             31            2013         69.2
4             1             2013         72.3
4             2             2013         72.8
4             3             2013         71.5
4             4             2013         71.3
4             5             2013         69.4
4             6             2013         64.6
4             7             2013         68.7
4             8             2013         70.6
4             9             2013         72.5
4             10            2013         72.2
4             11            2013         78.0
4             12            2013         78.6
4             13            2013         77.4
4             14            2013         75.4
4             15            2013         69.3
4             16            2013         77.3
4             17            2013         74.2
4             18            2013         75.7
4             19            2013         79.9
4             20            2013         72.2
4             21            2013         67.6
4             22            2013         71.5
4             23            2013         71.1
4             24            2013         70.7
4             25            2013         73.8
4             26            2013         74.7
4             27            2013         75.2
4             28            2013         73.2
4             29            2013         74.9
4             30            2013         74.1
5             1             2013         72.8
5             2             2013         70.9
5             3             2013         72.7
5             4             2013         73.0
5             5             2013         71.8
5             6             2013         69.6
5             7             2013         61.3
5             8             2013         71.7
5             9             2013         73.4
5             10            2013         76.6
5             11            2013         77.5
5             12            2013         77.3
5             13            2013         76.1
5             14            2013         71.5
5             15            2013         72.4
5             16            2013         73.7
5             17            2013         75.0
5             18            2013         77.8
5             19            2013         77.1
5             20            2013         77.3
5             21            2013         73.5
5             22            2013         74.7
5             23            2013         78.2
5             24            2013         78.8
5             25            2013         78.2
5             26            2013         73.6
5             27            2013         69.3
5             28            2013         76.9
5             29            2013         76.0
5             30            2013         78.5
5             31            2013         78.0
6             1             2013         79.2
6             2             2013         80.3
6             3             2013         78.9
6             4             2013         78.7
6             5             2013         75.8
6             6             2013         75.6
6             7             2013         78.4
6             8             2013         80.0
6             9             2013         78.1
6             10            2013         80.7
6             11            2013         79.4
6             12            2013         79.9
6             13            2013         81.9
6             14            2013         82.2
6             15            2013         82.0
6             16            2013         81.0
6             17            2013         80.8
6             18            2013         81.3
6             19            2013         82.4
6             20            2013         80.7
6             21            2013         78.0
6             22            2013         82.3
6             23            2013         77.7
6             24            2013         81.6
6             25            2013         81.7
6             26            2013         80.7
6             27            2013         79.0
6             28            2013         80.4
6             29            2013         79.1
6             30            2013         78.2
7             1             2013         76.4
7             2             2013         76.2
7             3             2013         78.1
7             4             2013         78.9
7             5             2013         80.4
7             6             2013         81.8
7             7             2013         82.4
7             8             2013         82.4
7             9             2013         82.1
7             10            2013         80.8
7             11            2013         80.3
7             12            2013         78.7
7             13            2013         78.2
7             14            2013         77.5
7             15            2013         77.5
7             16            2013         78.1
7             17            2013         79.3
7             18            2013         78.6
7             19            2013         77.3
7             20            2013         77.6
7             21            2013         80.1
7             22            2013         79.3
7             23            2013         78.6
7             24            2013         79.7
7             25            2013         79.9
7             26            2013         81.6
7             27            2013         78.0
7             28            2013         79.6
7             29            2013         79.9
7             30            2013         83.0
7             31            2013         82.2
8             1             2013         81.1
8             2             2013         81.9
8             3             2013         81.6
8             4             2013         80.0
8             5             2013         82.7
8             6             2013         81.2
8             7             2013         83.6
8             8             2013         83.0
8             9             2013         82.0
8             10            2013         82.3
8             11            2013         83.6
8             12            2013         83.1
8             13            2013         83.6
8             14            2013         82.5
8             15            2013         81.7
8             16            2013         82.2
8             17            2013         82.8
8             18            2013         82.3
8             19            2013         81.8
8             20            2013         83.0
8             21            2013         83.1
8             22            2013         80.4
8             23            2013         81.8
8             24            2013         80.2
8             25            2013         79.0
8             26            2013         79.9
8             27            2013         80.8
8             28            2013         80.3
8             29            2013         81.6
8             30            2013         82.6
8             31            2013         81.2
9             1             2013         79.9
9             2             2013         78.8
9             3             2013         79.6
9             4             2013         80.9
9             5             2013         81.3
9             6             2013         80.6
9             7             2013         77.8
9             8             2013         80.9
9             9             2013         81.7
9             10            2013         81.8
9             11            2013         81.8
9             12            2013         79.7
9             13            2013         79.7
9             14            2013         82.5
9             15            2013         81.7
9             16            2013         80.2
9             17            2013         80.5
9             18            2013         78.1
9             19            2013         79.3
9             20            2013         78.7
9             21            2013         78.7
9             22            2013         79.1
9             23            2013         77.1
9             24            2013         77.5
9             25            2013         76.7
9             26            2013         80.6
9             27            2013         76.0
9             28            2013         76.8
9             29            2013         78.0
9             30            2013         77.8
10            1             2013         79.1
10            2             2013         78.5
10            3             2013         78.7
10            4             2013         79.5
10            5             2013         79.5
10            6             2013         79.2
10            7             2013         77.1
10            8             2013         78.9
10            9             2013         75.5
10            10            2013         74.6
10            11            2013         74.9
10            12            2013         75.8
10            13            2013         76.1
10            14            2013         76.0
10            15            2013         73.2
10            16            2013         76.9
10            17            2013         77.4
10            18            2013         78.4
10            19            2013         79.0
10            20            2013         76.5
10            21            2013         79.8
10            22            2013         79.6
10            23            2013         76.8
10            24            2013         67.8
10            25            2013         68.3
10            26            2013         67.5
10            27            2013         67.1
10            28            2013         68.5
10            29            2013         71.8
10            30            2013         74.1
10            31            2013         75.3
11            1             2013         77.1
11            2             2013         71.3
11            3             2013         67.2
11            4             2013         68.7
11            5             2013         73.2
11            6             2013         74.2
11            7             2013         70.1
11            8             2013         70.8
11            9             2013         70.5
11            10            2013         72.0
11            11            2013         72.1
11            12            2013         71.1
11            13            2013         64.8
11            14            2013         62.7
11            15            2013         68.1
11            16            2013         70.7
11            17            2013         75.1
11            18            2013         75.9
11            19            2013         73.8
11            20            2013         71.7
11            21            2013         73.1
11            22            2013         73.9
11            23            2013         73.7
11            24            2013         67.9
11            25            2013         67.1
11            26            2013         72.7
11            27            2013         69.7
11            28            2013         50.6
11            29            2013         59.5
11            30            2013         64.5
12            1             2013         66.1
12            2             2013         66.1
12            3             2013         65.8
12            4             2013         69.6
12            5             2013         71.4
12            6             2013         74.1
12            7             2013         73.2
12            8             2013         72.8
12            9             2013         73.1
12            10            2013         71.8
12            11            2013         72.0
12            12            2013         65.9
12            13            2013         60.0
12            14            2013         69.7
12            15            2013         70.9
12            16            2013         59.3
12            17            2013         57.1
12            18            2013         58.4
12            19            2013         59.1
12            20            2013         65.8
12            21            2013         72.7
12            22            2013         75.0
12            23            2013         74.7
12            24            2013         68.6
12            25            2013         58.8
12            26            2013         64.6
12            27            2013         65.2
12            28            2013         70.1
12            29            2013         73.4
12            30            2013         65.2
12            31            2013         62.3
1             1             2014         62.3
1             2             2014         68.3
1             3             2014         53.6
1             4             2014         54.9
1             5             2014         67.0
1             6             2014         67.5
1             7             2014         42.6
1             8             2014         48.7
1             9             2014         64.4
1             10            2014         71.8
1             11            2014         74.5
1             12            2014         66.3
1             13            2014         60.7
1             14            2014         69.4
1             15            2014         60.5
1             16            2014         52.6
1             17            2014         48.3
1             18            2014         52.5
1             19            2014         48.4
1             20            2014         55.8
1             21            2014         60.7
1             22            2014         52.0
1             23            2014         47.8
1             24            2014         49.4
1             25            2014         53.5
1             26            2014         58.5
1             27            2014         61.7
1             28            2014         66.9
1             29            2014         57.7
1             30            2014         46.9
1             31            2014         54.9
2             1             2014         68.4
2             2             2014         73.2
2             3             2014         72.8
2             4             2014         73.8
2             5             2014         74.9
2             6             2014         67.3
2             7             2014         55.2
2             8             2014         58.0
2             9             2014         60.5
2             10            2014         62.0
2             11            2014         64.9
2             12            2014         67.9
2             13            2014         60.3
2             14            2014         51.6
2             15            2014         58.6
2             16            2014         57.1
2             17            2014         58.7
2             18            2014         64.1
2             19            2014         68.7
2             20            2014         67.3
2             21            2014         73.0
2             22            2014         70.7
2             23            2014         71.2
2             24            2014         69.5
2             25            2014         69.6
2             26            2014         65.9
2             27            2014         60.1
2             28            2014         58.5
3             1             2014         62.0
3             2             2014         66.2
3             3             2014         69.8
3             4             2014         70.2
3             5             2014         64.7
3             6             2014         64.3
3             7             2014         66.3
3             8             2014         57.3
3             9             2014         64.0
3             10            2014         67.3
3             11            2014         67.4
3             12            2014         71.7
3             13            2014         63.1
3             14            2014         58.9
3             15            2014         64.7
3             16            2014         70.5
3             17            2014         72.4
3             18            2014         69.9
3             19            2014         65.8
3             20            2014         67.9
3             21            2014         65.5
3             22            2014         74.1
3             23            2014         73.2
3             24            2014         71.4
3             25            2014         67.1
3             26            2014         56.2
3             27            2014         58.6
3             28            2014         70.2
3             29            2014         71.7
3             30            2014         67.0
3             31            2014         64.6
4             1             2014         65.7
4             2             2014         69.3
4             3             2014         71.2
4             4             2014         71.4
4             5             2014         73.5
4             6             2014         76.4
4             7             2014         74.4
4             8             2014         75.5
4             9             2014         66.3
4             10            2014         67.7
4             11            2014         69.3
4             12            2014         72.2
4             13            2014         74.1
4             14            2014         76.5
4             15            2014         74.9
4             16            2014         66.1
4             17            2014         68.9
4             18            2014         73.7
4             19            2014         71.0
4             20            2014         65.7
4             21            2014         66.5
4             22            2014         69.3
4             23            2014         73.4
4             24            2014         75.9
4             25            2014         76.8
4             26            2014         77.4
4             27            2014         78.0
4             28            2014         80.0
4             29            2014         80.3
4             30            2014         76.8
5             1             2014         77.4
5             2             2014         74.4
5             3             2014         71.0
5             4             2014         70.4
5             5             2014         74.6
5             6             2014         75.8
5             7             2014         76.8
5             8             2014         79.1
5             9             2014         79.0
5             10            2014         79.3
5             11            2014         80.0
5             12            2014         78.3
5             13            2014         78.8
5             14            2014         78.1
5             15            2014         77.9
5             16            2014         72.8
5             17            2014         71.3
5             18            2014         72.4
5             19            2014         74.8
5             20            2014         75.8
5             21            2014         75.3
5             22            2014         77.3
5             23            2014         81.8
5             24            2014         83.7
5             25            2014         83.1
5             26            2014         79.2
5             27            2014         78.3
5             28            2014         75.8
5             29            2014         79.8
5             30            2014         78.4
5             31            2014         77.9
6             1             2014         77.9
6             2             2014         77.7
6             3             2014         76.0
6             4             2014         77.0
6             5             2014         78.3
6             6             2014         81.4
6             7             2014         84.4
6             8             2014         80.9
6             9             2014         80.7
6             10            2014         81.8
6             11            2014         72.8
6             12            2014         75.0
6             13            2014         75.5
6             14            2014         75.8
6             15            2014         77.4
6             16            2014         76.9
6             17            2014         79.4
6             18            2014         79.6
6             19            2014         78.6
6             20            2014         80.6
6             21            2014         81.9
6             22            2014         81.0
6             23            2014         80.8
6             24            2014         81.1
6             25            2014         83.9
6             26            2014         83.8
6             27            2014         80.6
6             28            2014         81.7
6             29            2014         83.9
6             30            2014         82.3
7             1             2014         83.2
7             2             2014         81.2
7             3             2014         82.6
7             4             2014         79.6
7             5             2014         76.6
7             6             2014         77.2
7             7             2014         78.2
7             8             2014         81.7
7             9             2014         78.4
7             10            2014         79.6
7             11            2014         79.5
7             12            2014         80.8
7             13            2014         80.6
7             14            2014         80.4
7             15            2014         77.8
7             16            2014         76.8
7             17            2014         80.3
7             18            2014         82.7
7             19            2014         83.2
7             20            2014         82.9
7             21            2014         81.8
7             22            2014         79.3
7             23            2014         80.5
7             24            2014         82.7
7             25            2014         81.3
7             26            2014         81.3
7             27            2014         82.5
7             28            2014         84.9
7             29            2014         83.1
7             30            2014         82.1
7             31            2014         83.6
8             1             2014         83.0
8             2             2014         83.4
8             3             2014         82.8
8             4             2014         81.2
8             5             2014         80.4
8             6             2014         83.5
8             7             2014         80.2
8             8             2014         80.5
8             9             2014         79.8
8             10            2014         80.4
8             11            2014         78.6
8             12            2014         79.6
8             13            2014         82.5
8             14            2014         82.1
8             15            2014         80.4
8             16            2014         77.9
8             17            2014         80.5
8             18            2014         83.8
8             19            2014         80.3
8             20            2014         85.7
8             21            2014         85.3
8             22            2014         84.2
8             23            2014         82.4
8             24            2014         83.8
8             25            2014         84.2
8             26            2014         82.4
8             27            2014         81.9
8             28            2014         81.8
8             29            2014         80.8
8             30            2014         80.5
8             31            2014         82.3
9             1             2014         82.7
9             2             2014         82.8
9             3             2014         81.8
9             4             2014         78.9
9             5             2014         78.3
9             6             2014         76.8
9             7             2014         77.2
9             8             2014         78.4
9             9             2014         80.6
9             10            2014         80.5
9             11            2014         81.3
9             12            2014         81.6
9             13            2014         81.7
9             14            2014         80.6
9             15            2014         79.8
9             16            2014         80.6
9             17            2014         77.2
9             18            2014         78.9
9             19            2014         77.9
9             20            2014         74.1
9             21            2014         77.1
9             22            2014         77.2
9             23            2014         75.4
9             24            2014         75.3
9             25            2014         75.9
9             26            2014         76.7
9             27            2014         76.9
9             28            2014         79.8
9             29            2014         78.7
9             30            2014         75.2
10            1             2014         77.1
10            2             2014         79.3
10            3             2014         79.9
10            4             2014         78.4
10            5             2014         69.9
10            6             2014         70.2
10            7             2014         75.1
10            8             2014         78.5
10            9             2014         77.8
10            10            2014         79.2
10            11            2014         78.3
10            12            2014         78.3
10            13            2014         78.2
10            14            2014         79.0
10            15            2014         75.7
10            16            2014         70.6
10            17            2014         70.8
10            18            2014         70.8
10            19            2014         71.7
10            20            2014         74.2
10            21            2014         75.7
10            22            2014         75.3
10            23            2014         71.2
10            24            2014         70.3
10            25            2014         70.9
10            26            2014         69.7
10            27            2014         70.1
10            28            2014         72.6
10            29            2014         73.6
10            30            2014         73.1
10            31            2014         73.1
11            1             2014         60.9
11            2             2014         54.8
11            3             2014         59.3
11            4             2014         67.2
11            5             2014         70.8
11            6             2014         72.3
11            7             2014         70.9
11            8             2014         65.1
11            9             2014         63.7
11            10            2014         66.3
11            11            2014         68.1
11            12            2014         68.8
11            13            2014         67.5
11            14            2014         66.1
11            15            2014         61.8
11            16            2014         67.6
11            17            2014         72.2
11            18            2014         57.4
11            19            2014         48.8
11            20            2014         54.3
11            21            2014         61.3
11            22            2014         68.4
11            23            2014         74.8
11            24            2014         77.8
11            25            2014         73.4
11            26            2014         63.5
11            27            2014         56.9
11            28            2014         53.1
11            29            2014         57.1
11            30            2014         63.7
12            1             2014         67.9
12            2             2014         70.2
12            3             2014         69.7
12            4             2014         69.4
12            5             2014         70.4
12            6             2014         72.4
12            7             2014         68.2
12            8             2014         62.3
12            9             2014         57.4
12            10            2014         54.1
12            11            2014         52.1
12            12            2014         52.6
12            13            2014         54.1
12            14            2014         55.8
12            15            2014         55.9
12            16            2014         56.9
12            17            2014         63.7
12            18            2014         58.2
12            19            2014         60.8
12            20            2014         64.6
12            21            2014         68.9
12            22            2014         70.5
12            23            2014         71.8
12            24            2014         75.9
12            25            2014         64.9
12            26            2014         60.5
12            27            2014         69.9
12            28            2014         73.8
12            29            2014         70.9
12            30            2014         68.2
12            31            2014         63.4
-1